62517
64151
34487
45277
5368
41225
15891
48519
26742
42592
39424
49329
51425
58292
25412
15776
8745
34983
7765
46570
41107
62561
35873
25268
45037
54265
681
57324
32270
45201
19886
6567
54615
58401
18856
4910
26581
13175
44973
52964
38679
45624
65178
37875
34996
49841
14408
36202
57676
58372
24575
44000
55436
1285
38122
22835
56852
28173
1918
56352
43456
16295
22099
53492
6000
31788
32231
21539
28704
38624
4459
64845
60691
22644
63832
37680
5990
22321
14699
5570
48075
21684
64204
57685
10403
7210
13140
60976
20856
20220
8092
39541
53050
17068
30163
45458
60891
17887
49863
7284
34613
29762
1028
35138
7587
38230
63736
34749
57375
16836
13496
53775
12928
57737
2472
26549
18613
45948
33582
35540
63547
26847
50903
50891
18693
28016
6500
47719
35828
29459
3118
10291
59861
34460
57195
42250
59423
55095
15763
24453
18814
31276
7786
52159
52450
7902
54390
17611
34673
43538
12601
55839
10715
41177
60001
53688
16681
49786
20416
55698
5000
2625
13980
19219
54339
60927
15737
15126
39869
12470
9192
46987
31469
12968
34516
35563
39415
46346
31383
2945
8432
32765
1107
60362
36212
61906
39576
8076
33034
61143
36240
51597
18520
60796
26682
48553
45913
29605
8602
36194
74
35820
56744
53099
55039
52298
19792
32758
46676
2004
43642
64934
59987
49888
17311
28716
42225
53283
27090
57424
13889
63218
61142
10062
34955
16985
48861
13225
60068
16124
15733
11735
9185
24225
5821
26076
43720
23624
4132
58930
22294
32482
58914
13992
53851
11133
31153
36121
32077
20042
63521
4297
11379
46178
30039
16747
35374
47852
51992
15151
44926
31677
53910
53165
36266
24437
1943
65075
37433
16975
55660
40833
55768
61228
54448
24414
46851
60487
5304
52165
970
33436
11299
9341
64561
42172
50179
8250
23980
16303
22590
25854
31017
28925
45335
29134
21903
48157
29811
3811
4469
20434
35081
35061
22961
42351
8432
27334
4122
45305
25510
40872
32811
44534
39113
55470
44749
35175
55139
18162
13639
31356
372
46527
34280
35133
54092
25142
41209
20621
6567
39171
58163
97
31621
51317
18733
37277
25822
56265
61148
53024
28763
1627
46061
41841
36896
45157
22324
22637
15104
44498
29076
49788
5044
57418
62744
52096
5742
39510
1163
24365
1259
43212
31761
17140
60930
37725
37192
4946
41527
5115
53902
10166
14031
49281
7812
61713
25374
39276
8140
65102
15309
30013
29425
59674
15579
51424
63052
17751
36928
62583
19160
18956
23461
16154
17137
21572
40735
60961
46436
59204
51194
11101
53784
14765
47423
41889
59028
18811
20074
14934
19786
28879
38801
53727
45062
26610
34738
53620
36198
58875
447
47644
8224
52495
3632
9205
65107
10778
11495
58606
31816
46515
50428
53538
39580
58756
29009
34063
59432
44708
37926
27003
46735
37582
10580
45519
37175
28615
9463
28391
27568
19030
59079
2912
8971
14631
63528
8715
63149
61343
44983
48462
40472
49633
42857
46444
49940
25048
40515
15819
26607
56705
17082
19714
12671
26903
4805
39601
37156
22643
33130
34639
24057
64029
41664
40799
55902
12415
60851
11063
19913
4786
4652
41159
63310
14973
18772
64532
62697
57592
61457
18273
60280
31424
10398
41946
29918
8240
58022
16600
8736
61914
10451
6455
53165
38363
19017
23953
4028
25519
13772
58879
2843
25143
42504
16511
49331
43802
2622
14439
27022
26484
4004
29136
46694
32884
29985
47044
61224
25391
14391
22374
55469
13785
62991
44000
58092
30219
35293
20529
3930
53234
61836
9245
23836
48490
30240
61919
19551
3742
5538
29162
15644
21424
33784
12904
27822
27848
34361
30797
4715
33675
25500
6512
23283
56124
4120
2179
40362
15138
10627
28573
19644
65106
61557
49656
36776
54322
54598
50227
51116
695
46717
45598
5606
5754
29767
2987
22993
45491
25415
16090
38178
61934
33612
3106
38205
18862
13329
48278
43974
52901
44403
50871
60526
50141
29115
28460
14160
30833
43567
3914
33331
40010
14297
39739
41244
40084
50996
36404
56598
58791
25828
48032
10256
34824
40568
31196
45938
28332
52303
58634
13858
21820
37828
28745
45758
728
21134
57354
4540
87
63586
64288
14791
23782
53848
34813
25692
59726
7922
29334
31426
13639
35242
35755
8469
9054
15478
9815
24461
62324
21601
49808
20162
37313
44819
60774
55161
60656
10598
59420
6911
14773
9758
32885
60268
51512
9915
46172
25682
25107
12915
19516
4692
38422
63488
63458
39696
4383
63786
48071
50460
21500
35359
38619
29153
14677
7727
21708
16030
18024
52810
64931
22518
28237
32583
25209
43348
8313
50545
61266
8273
19196
909
21840
47550
14888
11489
23811
35505
51957
38513
28926
55732
22239
60335
19165
39950
47215
24769
56135
38432
10837
53275
42526
54686
63781
30031
41319
62936
46308
17179
21919
25321
62563
29224
54167
48544
50393
22439
48299
18521
34008
2699
26763
27248
26196
657
24082
30019
59633
2297
13584
55450
53188
22241
19398
23921
60633
7197
58922
9074
25894
23066
38278
26504
6517
44134
38488
18048
49274
25304
63316
3824
3038
2948
18654
28262
18969
64425
40633
4357
14646
35380
20532
46349
53237
62224
64535
24251
19183
25596
26368
14775
46799
39192
15253
54541
61380
64459
3389
8966
54531
10732
12121
61377
30222
38816
36202
7719
49774
3146
11034
50038
50218
42155
59377
23447
28041
55765
36683
36093
19492
36996
50458
57166
4551
7826
34914
3430
26583
28523
30770
14135
16330
23574
54520
47956
9009
64195
4293
20531
33791
9278
15308
35702
55894
60952
28955
12079
23732
3681
47331
45885
14786
27775
25407
51441
40125
57698
20303
21034
7870
58132
45130
4266
3120
35861
56144
24391
36520
53466
20431
39544
5339
27856
14061
37305
31733
63331
57213
56414
35954
63535
33059
15464
22516
47834
46443
11616
15003
1609
24140
15920
32933
58226
2465
8136
36180
60661
38508
14633
29240
34122
58829
47306
2658
5338
35951
15586
17414
36682
50235
21755
28851
58962
42902
61605
24848
25738
2423
48735
10486
49785
61081
5166
40034
61248
52796
5635
39113
15330
49722
56916
47585
53077
49553
47194
10301
59849
56146
23196
17501
41487
17716
12512
19861
65469
28306
26549
4593
58232
18614
42670
49027
19230
40585
25165
10250
38255
53741
59663
577
22250
12950
55494
51373
43908
37785
26678
57416
15787
57321
56760
21175
13851
28005
